	v1	v2	v3	v4	v5	v6	v7	v8	v9	v10	v11	v12	v13	v14	v15	b1	b2	b3	b4
g6p	-1	0	0	0	-1	0	0	0	0	0	0	0	0	0	0	1	0	0	0
nadp	-1	0	0	-1	0	0	0	0	0	0	0	0	0	0	0	0	0	0	0
6pgl	1	0	-1	0	0	0	0	0	0	0	0	0	0	0	0	0	0	0	0
nadph	1	0	0	1	0	0	0	0	0	0	0	0	0	0	0	0	0	0	0
h	1	0	0	1	0	0	0	0	0	0	0	0	0	0	0	0	0	0	0
h2o	0	0	-1	0	0	0	0	-1	0	0	0	0	0	0	0	0	0	0	0
6pgc	0	0	1	-1	0	0	0	0	0	0	0	0	0	0	0	0	0	0	0
ru5p__D	0	0	0	1	0	0	1	0	0	0	0	1	0	-1	1	0	0	0	0
co2	0	0	0	1	0	0	0	0	0	0	0	0	0	0	0	0	0	0	0
f6p	0	0	0	0	1	1	0	1	-1	-1	0	0	1	0	0	0	0	0	1
ah6p__D	0	0	0	0	0	-1	-1	0	0	0	0	0	0	0	0	0	0	0	0
fald	0	0	0	0	0	0	1	0	0	0	0	0	0	0	0	0	0	0	0
fdp	0	0	0	0	0	0	0	-1	1	1	-1	0	0	0	0	0	0	0	0
pi	0	0	0	0	0	0	0	1	0	0	0	0	0	0	0	0	0	0	0
atp	0	0	0	0	0	0	0	0	-1	0	0	0	0	0	0	0	0	0	0
adp	0	0	0	0	0	0	0	0	1	-1	0	0	0	0	0	0	0	0	0
amp	0	0	0	0	0	0	0	0	0	1	0	0	0	0	0	0	0	0	0
dhap	0	0	0	0	0	0	0	0	0	0	1	0	0	0	0	0	0	0	0
g3p	0	0	0	0	0	0	0	0	0	0	1	-1	-1	0	0	0	0	1	0
s7p	0	0	0	0	0	0	0	0	0	0	0	-1	-1	0	0	0	0	0	0
r5p	0	0	0	0	0	0	0	0	0	0	0	1	0	0	-1	0	-1	0	0
xu5p__D	0	0	0	0	0	0	0	0	0	0	0	1	0	1	0	0	0	0	0
e4p	0	0	0	0	0	0	0	0	0	0	0	0	1	0	0	0	0	0	0

